277,-2660 7585,8603
6947,4109 -1944,-4992
9231,-541 9101,-1305
4733,-128 6848,-6855
9310,6203 6490,-974
-6301,6519 5625,-4513
4660,9814 -1078,303
7221,1136 1818,8906
-8091,7585 -8076,-5166
-893,105 -5626,-9248
-8908,-4381 7251,6563
9589,6479 -9571,-621
6630,-8064 -9117,-6031
-7929,-8366 -7820,-8850
7516,-726 6651,1493
-9456,-3263 7627,-9846
656,-153 -4777,7729
4925,5617 -5858,8499
6341,-612 7924,7979
-2371,-9932 -4095,-7618
4740,-3485 -2049,701
3223,3623 -8579,2819
-4081,1753 -2528,-1071
-5663,-5392 -204,-720
-4974,-9026 5095,3100
-1651,-6951 3428,5399
-6942,8682 -2532,9271
3970,6647 7447,9283
3649,3034 3830,-3902
-9651,-7224 8043,9312
9493,4410 -6470,-2623
224,9095 -5414,-4920
1058,2087 -9903,-3718
1267,4478 1745,-1094
577,-8357 4164,-5997
1906,-3958 -4146,7589
-3841,5657 -6576,8838
-5638,-6951 8808,5
-3909,-6844 9289,-7008
9184,-7680 6825,-9070
-2901,-8769 2137,-75
8503,-7891 -3968,8072
-9373,-4482 3962,5
-8367,-9797 -5100,-7928
-7365,-9935 3494,-4375
5874,1109 3449,8506
3028,-6792 8962,84
3298,-4539 1975,-5127
-3871,-938 -2893,2330
8684,8130 8143,8282
2221,194 -869,-6484
3378,707 1828,291
705,-1054 -7191,-1996
-1458,-3904 -7483,2544
-9995,1884 240,-3081
3689,2837 3244,-6142
710,-8340 -1880,-8381
-9918,3436 -8162,6384
-4193,8720 146,7704
-2461,-3904 -593,-4832
-3519,-9153 8713,7105
3324,-4977 5941,-8024
-2861,6334 -1847,-9367
2349,6211 9830,8267
-9969,-5118 -4744,5241
-1736,-3380 8415,-2053
8073,8844 4936,6330
3968,-303 8832,-9527
-1875,5287 6245,1927
-8917,9978 1295,-3241
-992,6529 -3048,7655
-6031,7609 7350,-7284
-8321,-6871 1590,-4416
5720,7773 107,-3197
1010,-2947 -2415,-2607
-9837,1137 3142,2544
-8032,3324 -7427,9373
-764,-7266 616,7129
-617,-8454 -174,7326
7689,-4787 7861,-7093
6309,-5722 9197,-6225
-4886,-1371 -344,-5103
-3933,7520 8735,3978
8670,1527 -7826,-6971
7980,2494 1370,5204
8660,917 8798,-1139
5036,-6489 -5988,-9517
8463,8783 1819,2632
7411,-7255 1625,-6238
-4297,-242 2088,-9596
-1617,5137 5781,9398
1228,2052 -5110,8069
-3621,1753 4992,3289
-5327,6351 -3762,-5243
6155,-9426 3470,4818
-6940,1961 -9158,-7058
1199,8397 5769,1759
-7513,4576 6095,7987
-8044,-6459 -9497,4925
-1850,-3847 -6799,9546
4902,-7000 -426,3217
-1549,6700 -2498,7795
5297,-6071 -5233,-9833
-2663,-9796 -5770,-9642
-6481,6041 -18,-5465
-5318,-1627 -1617,-8901
-6020,7690 -2744,8830
8941,-2646 -7139,-1330
-1589,-6442 -7708,-5658
-7368,2327 -6291,711
7732,-3481 -6470,-5751
7308,-4411 7906,9319
-111,-8357 1450,6472
-8469,-7168 -8225,-4179
-8227,-996 662,-6210
-3952,-5414 8974,1813
-9880,230 -7993,-1512
-3485,5331 -8872,3999
3762,7837 -5135,4868
1905,3488 9253,4293
7172,-4589 -9071,7503
9996,7209 5412,-4296
-5332,-8239 5956,3549
5525,8358 7583,-8925
-955,5608 2293,3903
-8302,-2551 -9643,-1345
2447,-4342 -2505,6435
-8538,7115 -8949,-6682
2688,-6380 -9668,8196
-4048,-272 -631,1946
-3548,6608 8731,-5073
-6494,4112 -1777,-367
-1347,-8845 9411,-1635
-3555,9246 7017,6141
8818,-1934 -9174,1966
9904,-5857 -7052,-7828
-8942,9678 -2105,-2350
-2610,6944 -1324,-4702
7714,-8328 -5921,-6990
-7070,5621 2712,-2311
241,7117 9950,-7088
-8539,-4283 4968,6377
-562,7873 -240,3698
659,7486 -6333,-9587
-5559,-9622 -1228,8244
-9977,-16 4487,-1824
9246,9955 -1,2438
-5268,4258 4458,6211
8641,910 -1280,1059
-1990,-7625 -4995,371
-8439,5067 -3859,-5171
-1805,-9302 -7305,-8427
-7921,-178 -1440,-1629
-1740,-3299 -1246,5756
193,1379 -4027,137
-7616,-9858 1885,-9753
3041,1964 1990,-1954
602,2165 9730,2414
-6126,-4043 7574,-2135
-6593,2314 -6504,-777
5462,1457 9357,-5112
-4890,-5007 9755,2352
3812,-621 8367,4639
-4307,9913 2530,-1546
-4842,3283 339,-7351
3953,-2539 -2552,-3468
3141,2173 4678,-5093
-6287,-2102 4203,-296
1793,-8892 -9559,6628
-276,-8298 6962,-3176
-2342,7097 853,-3356
-4878,-4752 9484,-3440
8148,5460 9930,5623
-8319,3628 2182,6562
-2313,-6451 5807,-8047
-2182,-8124 3840,1124
6778,5331 -3922,-9974
9906,3573 -7731,-6331
-4895,8195 -4316,4107
-6973,5458 727,-9838
7250,5513 4449,5155
-4240,3204 2876,-1873
-7299,-7477 -7404,4582
7636,-1260 -4537,-2898
-2364,1895 3929,-5392
-9442,-4138 -2630,9782
-6093,-7691 4493,1929
-2440,3391 -2528,7540
-6658,5576 245,-3786
5972,-3419 -3218,6656
6192,7384 7792,2500
-8398,-5143 7130,1622
-3221,-3361 1179,-1093
2261,6728 3953,9061
-8951,-2680 -876,605
2848,-8047 3174,-2100
5060,1133 2501,-4675
-4138,-3800 3583,-3642
8854,-6486 9234,4314
7965,-7212 -4515,7890
-7789,-6103 -3488,-8513
-6178,9401 -3686,3044
-7992,-182 465,-1399
-6142,4256 -6535,-3729
-2536,2990 -7536,-5685
2179,-8030 2020,-3809
-9691,2658 7737,1727
-4057,9163 -8001,5147
7878,-6830 5876,7168
7958,1680 -3059,-5527
3094,-6062 3626,-9987
-5104,291 7801,5889
-9044,4905 5830,1797
8624,-5969 -4596,-6185
6290,5992 8082,8556
6431,104 -1172,5462
2957,-5961 -9009,-3157
-7351,7333 6102,2173
7631,1740 -281,7876
8035,-9017 -7684,4184
3118,-4384 5779,9226
5344,-4947 -8718,9843
1771,-9245 -2926,9299
-7531,-1237 -7589,6130
-4015,-887 8206,9411
-1648,3292 8178,-1861
-3205,6808 8927,8039
483,2563 -8307,-4079
-1895,4375 -8317,8953
-607,1224 4907,-3739
9204,-6038 8742,-8317
-5906,-3031 1279,-7760
7590,1273 8637,9758
1100,-8486 8984,9032
1076,-2477 -4736,1342
974,-204 -6922,-6293
2605,219 3629,9238
-8621,-6084 8,-7913
7177,-2155 -8866,-2273
-3576,4748 7704,-4684
2079,9820 -7729,6223
-7686,-74 4932,-9403
-3534,-8254 -8777,5443
1515,-3300 -9532,-8782
-8882,1969 5718,3010
8213,5040 637,4267
6687,3427 694,6521
7227,-7408 7359,8916
-4561,-9451 -90,-156
1650,-7285 9555,4685
-108,-168 9908,-8234
3822,1044 6860,8586
-1117,7329 -7043,1449
463,-6600 -7056,6091
1989,5867 7526,7830
8228,9590 1881,-4991
8121,-5212 -9013,8493
595,-5054 -8841,-4963
-5658,9862 -5702,-6718
9234,-3769 -2868,-9500
-888,4758 7349,-5800
-1342,4212 -255,5290
-7404,2617 36,7748
-1066,4454 1954,2241
5420,4270 3872,3201
7841,4502 -9383,-2126
2775,-620 916,-1917
8080,9502 7051,463
9157,-2422 -7647,-2974
3989,-7637 2336,-1838
-2105,-8342 4858,-1125
-4962,-4271 1199,-7713
-1390,-8211 3922,5007
-579,-1562 -6878,-3003
-5408,-4555 552,-1235
8000,6315 777,-7706
8607,-445 420,-7278
-1506,6872 1,4569
-3380,51 -6372,8047
4256,-3707 -6442,-9444
3152,-4710 2251,464
748,-3089 4368,8049
-6624,3905 -9612,-4158
9480,-5073 -4300,1461
-330,-1257 -8064,-3961
2567,-910 4250,-2828
-255,3752 -1948,9589
7126,-5488 9926,3758
-4844,-3813 -9858,-9072
-8184,-6706 -4868,-6441
-6573,-6006 -8706,-8403
-5459,7265 -7965,4091
1822,-695 9060,-4999
-205,-3502 -4148,-4788
-4695,6957 3725,5398
640,320 -8632,2327
-2435,8854 775,-6949
-9172,2134 -184,-4166
4076,-6884 439,9268
-1121,7130 -9276,-6287
6801,-3464 -1867,4177
8991,-1195 -860,-2132
-6172,7841 679,1321
-2667,3399 -5123,-9225
8552,7023 804,-1303
7431,3602 -7512,4152
-4108,5246 5857,-9160
-272,-2039 4980,-6268
2281,355 -7478,8043
-3565,-3010 1888,3490
-9241,-9718 5254,2590
9401,-969 -7029,-8822
7716,-3592 9580,-2333
-5219,4343 5446,-5259
6944,-2490 8823,7361
7731,2425 -5047,1988
8621,4905 -9100,4962
-5713,-6550 -9749,9817
1159,1114 -4994,8401
6917,-1980 477,6421
-9654,6903 -7408,-5443
-1793,-3694 -5363,-2621
3371,6108 3103,-9411
-7075,5733 -4767,8031
-1647,-9936 -9604,6594
8324,5779 9089,-8148
-3630,9286 -8614,-2243
-4695,6998 -8017,2455
-303,1360 3655,4994
-3116,4297 2418,6616
147,-8573 5832,-7777
-3171,9736 -763,-6762
9591,-4728 -7884,8320
-6095,840 -9219,4407
-7706,-5314 5488,6855
-6407,671 2736,-8565
2347,307 4484,-7220
-8258,1991 -9959,-911
2133,3203 1798,4357
5479,-7625 8777,-9831
7182,7771 -6945,-3590
-8897,-6461 -5809,3901
8630,-681 9484,6237
5526,-8449 -1952,1415
748,9685 5593,1537
-4425,8454 -7606,-9218
-8493,6367 -3171,-4396
1006,4633 2076,-2502
2304,2444 -8449,4462
-9139,-405 5500,2427
-2532,7128 -3137,-3907
-7691,-3747 -8919,-7647
922,4735 -4868,9558
4425,9831 7710,-8271
-2476,-3498 7913,2917
-5679,-1961 1982,-8749
-1341,6618 -379,-2244
-5951,-2554 -1992,-6400
-5883,6166 -179,8834
-3182,-9979 4801,5685
8030,-4411 -5428,8527
3651,-9345 2351,4497
-3399,-2840 6947,8130
-6064,296 8032,91
4592,9135 -9056,-4387
9321,-3149 -6875,-7594
-5869,-5065 2702,9038
9863,6989 -2737,8102
9535,-2547 -5640,3019
-8395,-4024 7811,1131
3853,-391 3994,-3194
6284,8198 -6742,-2928
5988,-8906 -610,283
8206,2835 -3664,4615
-7475,-3120 -663,-4505
3736,1705 -4701,9649
1561,-9540 -3970,-1392
9708,-4373 -6706,1744
-2212,-9226 -5245,6177
-817,-9021 5203,5652
8772,-3049 549,-7688
-2497,-703 -2840,2666
4863,-8028 -5874,-4685
-8695,7000 5872,2963
-6291,-3921 8394,6597
-3135,-2563 5192,-908
-6725,1462 -943,-7319
4601,9892 -8904,-4415
-9635,1131 3642,-6089
-2687,-4541 103,-6957
782,-2351 -8367,-4129
2795,9265 8765,2255
4279,-9414 -8733,-4287
1599,6646 -6767,-1351
-9541,7766 9646,-87
7693,-1597 996,7384
1476,9937 1371,-5044
-5787,3457 9359,-1114
7219,-8630 9151,-4791
917,-1298 2949,-6801
-2144,-6450 9355,-2298
-4070,-6944 2117,-1631
-3661,-6323 4236,6941
-8453,7588 -3119,5146
2728,1219 2969,5419
-428,3565 5623,1475
-4500,-6913 -2679,11
-2584,-9456 8635,8911
3802,-377 -3645,-7690
-5210,-9994 -1734,1618
-8493,2753 3971,6715
7717,3495 -3570,-514
-7118,5640 8113,-1268
-3295,632 4499,8257
-787,-6222 5461,6053
-4507,-9353 -2531,-2933
2701,-7501 1518,-6870
813,-1507 9196,4200
1511,-3008 -3045,109
-5101,2895 342,2978
-687,-9704 -3813,1323
-9853,8913 2767,-6119
4960,1326 6315,-5307
-5680,9288 -9070,4698
-6074,6055 -2830,-2114
4432,6441 4720,-8332
-9696,3061 -3783,-5908
3020,-8412 -8221,921
2929,-6916 -3665,1702
4209,1842 -9284,-9976
779,-4026 -1174,-8636
-3595,-3028 8122,4980
-2891,4153 -6745,9368
-1501,3698 -2840,-9614
3716,5957 7759,-9471
5027,3786 -3251,-8933
5179,400 6892,3099
-6558,3742 2721,1794
-4291,-2502 -6018,5383
-6790,-1608 5667,977
-66,-1322 -9668,-2372
903,-8954 -6247,-6689
7833,9014 -8554,3355
-5566,3384 9367,-2772
830,6132 9612,8313
-2865,8721 -6694,-2350
3820,5822 8186,-4646
-2569,4349 4003,-1120
-4716,5524 -4104,5033
-9383,558 5654,-6524
3647,3474 -886,-9377
-7820,6189 -4636,-1301
-7346,-5111 -2418,213
5567,4672 -7334,-6347
3482,2878 5431,-3746
-6705,8746 -5195,8328
6922,1587 4250,-138
-2408,-567 8435,2974
-6249,-2106 -5247,785
-5844,5249 -9683,3590
3370,-3524 -4004,-6808
-6174,5731 -7415,105
9678,8131 -2799,-4202
-7373,-5325 -1636,-6074
-3956,9482 -4302,-6836
2884,-2367 -5194,5385
6585,2744 -1409,5949
-3146,845 7778,5015
-5138,1609 1710,1781
3444,-6544 -5244,-7326
9642,5116 7690,-2112
-5641,8428 7648,8731
247,-4834 4163,2341
5619,197 2157,-9042
-2117,684 8027,-7244
3789,-1937 7366,8899
3173,-7390 906,2523
-8666,514 -1344,-4653
4677,-8574 -2894,3901
-6344,4258 9384,6172
-8317,2173 4778,-821
2068,-826 -5054,-6129
-7493,-9816 -9175,973
-1978,6170 -4155,9756
8578,-3746 3947,9399
3066,-9239 899,8221
4482,8967 9670,5239
-5021,-8530 8297,3959
8568,-3128 3533,2617
-3970,1929 6636,-9667
-972,5389 -2920,9813
1532,2790 7861,7096
-2667,-6345 8855,-6061
-7571,4043 1497,-7916
-2889,-7717 -7743,312
-842,6371 8210,5915
-6313,-8310 -6127,-782
-5501,6747 8099,-6541
5870,-9132 5504,-5148
394,-4786 -74,8020
4435,-8327 -3528,238
6263,-9784 -4553,-3057
7292,3135 7701,-2738
1347,4389 -5565,703
-3804,6264 2024,6421
-9510,-2234 -9677,1442
1550,-2202 -8713,1977
2387,-3381 9817,-9126
5315,4017 7394,-8656
-8083,2430 -2491,-9255
3142,6124 6163,-6075
9584,8370 6750,-2987
-8929,-588 1130,-2972
-9639,-9761 -2258,865
-5295,5613 9997,-4789
-7539,5746 5254,8602
-5047,8025 -1043,-8950
-8206,-264 -660,2119
-6855,-2482 -5501,7820
-8703,423 7932,290
7957,8542 -2550,178
6228,4634 -7271,8057
4970,3892 -2819,3505
9612,-897 4060,-5643
5161,4833 -8126,6903
-6280,4206 5403,-1654
-4942,-1757 -4464,9763
3862,7357 -3372,-7427
-2882,4345 1132,-4324
-8805,-5166 -5817,-1663
9036,6675 -895,-7810
-197,-9057 -2975,-9666
7551,-1149 -571,-3245
1674,-8454 -8219,6478
-2680,2222 -9732,9193
5959,9444 8592,4608
6726,-1452 -839,-3614
-252,-3890 -8292,2994
-4963,-6993 -6500,-9598
-1714,5498 4868,1184
-2098,5422 9453,-9801
-1192,1256 -9622,-8974
-7613,5172 2724,-2850
-3208,-3306 8203,4340
6757,-6253 8946,4101
7627,2997 2026,6634
2845,9156 -1492,-4557
9996,9943 -599,3240
4967,-5799 -2300,-4128
5710,4778 -2706,-4330
7709,8429 -624,-236
9130,-6373 5162,1521
-4702,3748 -946,-7829
7961,-4218 -598,3386
-3267,-3236 5651,-8726
7288,-4759 -9038,-7464
2517,-9827 -6515,-9680
-3624,4054 8539,-2844
-3897,643 3752,-3964
-9472,-5545 2903,-8033
3825,-3469 7675,4041
-1203,-7978 4555,1289
4318,4039 4445,8072
-2696,9635 670,1890
117,7057 8248,-3900
-3848,6203 7635,7398
651,-8251 32,3583
-6099,9989 -7003,103
8044,-3559 2277,9523
1319,5856 -5362,-1813
1319,-9184 8094,5195
-298,-3433 -9736,5912
-7016,662 5083,3841
-814,-298 -6446,2530
5647,7643 -8050,-9245
5372,7094 873,4672
-6889,-8215 -3342,-166
-7014,2300 -2518,-3063
-5194,649 -2269,138
-882,5110 3446,-8915
-504,-7259 4427,-3862
2738,-2866 -5475,2384
9586,-7324 5312,9346
-7263,-6950 8320,5941
-5229,-3493 -9101,1751
-4367,-6700 -1542,-1714
-7223,3850 -9211,7995
-8344,3402 -9280,-4182
1343,7298 -2811,-7764
-2022,7881 4125,-5259
3917,5318 -2928,4554
9529,-7574 -4148,-46
-436,-6529 -7201,-1513
4532,-357 9321,5267
-3507,-5857 -9008,6170
-9487,4763 -1291,5735
7191,4911 -4024,6710
-4785,321 -9480,3527
-7233,-5486 -3224,9343
461,2926 -2841,3161
-9868,3186 944,5925
3592,-4720 -9866,7407
-728,-671 5908,3403
2037,7770 -5341,8493
-640,-4755 3998,-7829
-6988,-4451 4013,5523
8398,-2663 -3151,4999
-2690,-2876 -7985,-4901
-9762,2242 -567,-7501
7286,-1998 1543,1970
4344,6713 -2295,7932
1723,-7122 -4230,-3310
7420,-6610 7031,-5538
8513,8606 -8581,-4853
7671,-1727 -1707,7992
-7783,-4115 2230,-1347
5224,-5795 4648,-6643
4068,7697 875,899
1389,-6437 -5552,-4307
-2667,-4616 1605,9595
-142,7437 -1145,-9192
3923,2610 -9249,-4560
22,4690 -980,3609
-3476,4586 -8479,-6254
1572,-2146 -1314,-7002
-2418,1305 -9538,7402
2687,-4770 -8287,9897
-9199,5258 -3730,3741
-7869,-3936 7171,-5228
-8158,-7734 -2321,-8399
-9734,-6458 286,3019
4322,-1296 6465,-7194
5848,-6273 1466,-7465
-3398,5319 -692,7955
-9679,9799 4958,716
-8994,-4166 -7437,-3280
1390,7750 -7342,7536
-9336,6546 -5989,-5682
-6500,-8333 -5911,-8934
5911,-2767 2914,-217
-9373,-7614 -9048,-9225
-869,6756 2546,-1300
-1170,-2586 5024,-7261
9151,7458 611,-9424
4603,3050 -5548,8272
7209,7169 -3948,9431
-5516,7245 4957,4593
-5472,3958 -1846,8505
-5471,3742 -6284,6671
5265,5362 -3047,-3527
-8109,-6877 8285,-3631
1625,3143 8522,4785
5931,-6992 325,4472
1507,6019 -6654,-3562
2996,-3900 3244,-8736
-5912,3065 5241,7255
-390,-9419 -5150,3201
2747,7504 -3267,-1829
-5117,-9914 -3651,5320
7148,3487 -9383,-7113
3869,6755 -6612,9102
-5777,50 -2432,7425
3414,-5976 -1690,6226
2787,-4539 3542,-3459
7273,-4356 -6946,4797
-1466,-8505 -7994,9271
-6002,7064 7053,450
4584,5316 -4413,4006
-5709,5873 -1132,-1094
8742,-1729 -1150,1143
4798,-6481 8589,-6759
-2992,-1294 -463,-2606
6158,1675 -1401,-7827
-5355,3315 -8623,-2333
3556,8046 3015,-734
-5045,1884 1938,-1828
-4556,131 -9068,3881
4856,-6777 8066,-1614
-3053,7718 -5332,-1760
-5995,-4742 -4744,6576
-3198,5217 -8046,5314
5202,-4435 9122,-1793
-6285,-2739 8270,-1316
-1960,-6173 3957,-3614
3391,1136 -5105,4664
-7948,-4712 -2333,9282
7599,666 -9633,-3456
8780,8637 -7705,-7440
-4481,948 6175,3735
-1177,-1827 -9129,6949
-1937,8935 4263,1023
-7435,-5763 4468,4211
-7791,2756 4729,-4781
659,-2289 -4505,-4068
2612,-1763 -4832,7672
-6132,-5093 -6429,2714
-4164,-2832 -8522,3135
2460,5716 62,-6093
5957,1888 2124,-8749
915,9062 -6323,-4110
7646,-1570 7842,-3202
-5879,-5664 26,5625
7723,593 4341,3095
-7199,-2452 -3444,9811
543,-6618 -8643,-4774
5443,5927 -8715,-1921
482,5780 6675,687
7136,-4588 -7152,-2252
-4738,-7758 6311,-3905
4608,9592 6449,29
5161,1978 16,2250
-2232,-1699 1954,-4213
459,9438 -5160,401
-1336,5047 -1638,-8422
-2155,-1447 -1077,6550
-1870,8310 6470,4653
-8573,108 2731,-5192
-7827,7625 791,-6356
-3500,-2962 4640,-9610
-5101,-8538 -2472,2510
5434,8135 -6685,-260
-9036,843 -3568,7848
521,-1650 7719,8951
3585,5229 2846,6328
19,-6987 -9118,-1981
6776,-3382 1098,-2783
-9445,9320 -9711,-4257
-8645,-6538 -675,3357
993,-1230 -3885,-5582
-3639,-7531 -6862,-4602
7605,5418 -6704,-8364
-5760,9168 -4613,8379
199,-4280 -7879,-3643
-7856,9514 7252,3374
8148,-9252 9882,1546
1119,1809 8687,6854
4341,-3935 -3829,-1965
1112,8290 -6993,-4856
9233,5335 3625,2201
8910,1217 -8888,-5045
6032,-1741 5875,-8270
6586,-2405 -6934,6905
-9857,-1405 -5982,4015
-6100,9618 -6591,-4745
9478,7455 3825,-335
-8961,4535 6756,4644
9788,2435 -3966,96
-386,5982 -7261,-4880
7920,-2094 -8746,-1402
-6634,7132 -5068,399
-2915,-9173 8732,-1630
-7217,-2835 9788,2865
8136,146 8235,-9418
-9399,-2764 -2086,-477
-5015,-4093 8939,7436
7426,1718 -364,-7046
-1314,2361 7537,9771
-2030,6440 4851,4546
-3768,-2808 3364,-469
-127,-4839 9728,6723
-8932,8986 8356,5532
6079,8368 3262,-4147
-3729,-8104 6134,2483
-2688,-3925 3507,-8342
-6230,-2447 -4066,666
-1270,-7582 1839,1488
3136,-6894 -2113,-4827
3374,-6686 -7007,-556
-4278,5179 8749,362
9967,1936 -9994,-9761
-2324,-8289 -6976,8111
1824,-6280 6347,6950
-6260,-1526 -3157,-8804
6788,-4650 -3074,3053
-1125,8034 -9456,-2575
-4766,-1735 -9162,9871
374,-7643 4952,-5269
-2165,8472 -8551,-507
1277,-2962 -6034,1180
-8044,694 -1098,6125
9226,6499 -2014,-146
6319,8967 -7741,-1074
1287,-9964 -8282,-8547
134,-6816 3296,1069
-8423,1645 9683,5785
-5032,7806 -591,8579
5271,-1984 -8299,-2084
-7499,7881 4422,-525
6985,-7015 -3772,9043
-834,-8818 8768,6256
7563,1160 -3573,344
-8853,2192 -7209,-4432
3582,-8937 -7420,-4054
-5954,-7065 1920,2817
-306,-8508 9525,-5058
4079,5866 6292,2409
-4833,-1409 3390,-4240
-3535,7040 -8283,-5761
1299,-9440 9362,4456
7726,-7423 6568,-1786
-4417,-8514 -2683,9982
-3239,-6381 -3276,4861
8408,-2707 -4158,-6711
-7472,-9945 -9201,-5508
-2739,-2592 937,595
9446,9528 -9271,-9053
6475,8331 2492,-6946
7636,-7464 7137,-5372
-5308,-546 -1344,2694
162,7849 5388,-2423
-4069,7506 449,-9529
7340,-3023 -3137,6097
-1320,-8291 -3657,299
9699,-5003 3602,2379
2153,3030 6131,2103
5458,9823 -6269,1187
-3263,-3398 7206,9954
926,3304 974,-8584
-9108,1466 -6755,678
-8742,7397 4401,-2939
7731,-6772 5913,2164
-3655,1103 -3771,9887
5744,-9046 6334,-5219
3858,5346 7709,-4985
6314,-5498 -6495,9411
8501,7918 -6896,740
9520,6193 -3776,-9807
4169,-4367 8516,-2424
-7998,3098 386,9519
-361,-2624 1779,-7160
-5209,-5263 6622,6924
9763,7347 7256,-1981
4790,-11 710,-8241
-5890,-6499 2954,-8700
-2893,9580 2399,844
-6865,114 -5458,6657
-474,9492 8145,-3282
-7820,-5188 5721,-9923
6833,-6722 -6558,3144
-21,3737 -1155,5216
5101,-7987 -9865,3404
-3574,910 -4362,-6454
-2309,-1557 2384,-4252
5542,5537 -7814,1999
4334,7819 -6146,-4158
7988,-6755 5896,4201
7251,-5886 -2899,-4965
7820,3332 -7749,2278
-8660,-9199 5534,-8025
1429,6233 -8176,3435
-7996,223 -9073,38
-9259,1300 6288,-6542
-1450,-1892 6848,-4928
4850,-6487 -1541,9479
-1243,-4472 8553,-1648
2822,-8536 6038,-701
4723,-164 3019,-9938
1116,-1644 -4511,-6645
7295,4318 3717,-7813
9076,1533 485,-6843
831,-223 -6191,-8236
-568,-4058 -2887,2972
4001,6656 -5829,-1328
-9628,-182 -4887,3234
8349,2370 -6175,8457
5693,7769 -7965,7547
4151,-9268 -2550,-4748
3477,8501 3145,-6093
6269,-9495 -1778,828
4868,7008 -6459,3474
-2531,-6317 1410,485
1954,6170 -5572,-3914
-1329,5763 -7337,2976
2437,-5057 -4061,-6589
1613,5901 -6765,-5648
5494,9706 2476,-3365
1325,-6017 -1444,4288
5771,2852 6404,8020
-9420,-9864 -3389,5200
2026,-9178 -2854,6914
-6353,-3032 -1667,7617
2379,-432 -8310,-1462
-5101,-6343 -8292,-8848
-9419,-2165 5552,-7417
-1605,2524 -5397,5641
7656,4258 5811,7156
445,-3510 -7115,-3233
-9588,7723 7053,-7371
4764,9223 3988,7416
5790,-2641 -2181,5335
-1121,-802 1048,1057
6735,6635 5537,8165
-6336,-72 1066,8379
-4287,7966 583,-5952
-5309,-3955 7361,-805
-5911,-2148 7442,-9071
-527,3274 1159,-6614
6338,-8959 -2404,8607
-1488,-9592 -1311,-3860
457,-5728 -2577,-3706
3533,6466 2714,-1743
-1587,1537 8171,1481
-4397,-5064 9076,5979
1090,-6285 -8610,9367
8701,-801 4629,6624
-926,-1863 -6555,-9819
8655,4669 1022,-2524
-3140,2008 -850,-1523
-5617,-3873 -5428,-7337
-9185,2476 7116,-8264
9821,9241 -7242,646
-6225,-1530 245,2430
4417,3346 6234,243
-6731,7822 -7711,222
253,-8699 -1776,3863
8905,-619 -5025,5897
2048,310 -5471,-2125
-828,763 -75,6529
-3814,2919 2042,9845
4816,7725 -3061,-2945
-6856,-7315 -7,9744
2686,-5868 -6987,9531
8659,-5837 198,-944
245,1801 510,7834
1272,-3547 -9615,4028
5497,7076 -4497,-1632
3865,-1659 3945,-5973
-3630,-577 364,1586
-3253,5837 4261,-6607
-5481,1080 8375,901
-8280,-2733 -8041,64
-7366,-6825 5975,-5430
-24,-9172 5955,-4841
1430,3094 -6178,-2589
-1765,4086 -1729,-1309
-5706,-877 7724,3965
4298,-5106 -9149,5841
-7392,-4105 -5014,1936
-4742,8996 1083,-2030
-1351,-1902 9001,5999
74,-6543 -7353,3361
-1766,8550 -2641,4587
3155,-8899 -5226,-639
-376,1777 -3892,3316
2745,7029 -2935,-8603
5000,7823 9833,9875
240,9516 -3647,615
-5395,5624 -3069,5165
2458,-6787 -9867,2745
-4893,7239 5948,5860
6186,-667 8260,2925
6490,5033 5680,5377
4952,-4456 -980,-1292
-5111,3384 1281,630
-1562,-1184 -9988,-8266
-2177,-5168 -23,9581
7177,-2522 -5723,7777
-4250,-6947 9372,2147
-7857,8293 3033,-4867
-4823,2189 -9014,7708
-4883,2108 -8506,9545
-9650,5642 -8335,1977
-634,1436 9662,-1962
400,4556 -123,9521
-9910,2149 -2853,9749
-6544,-584 -5842,9439
-6225,5892 971,-5977
-4475,-7973 -6765,5326
2013,8193 2173,-3838
-790,2901 7911,-5973
-8036,-8729 -4684,-571
7361,8932 176,7450
-4871,5614 -350,1002
-8091,-6850 4359,-2972
5628,-9809 523,1823
1566,6106 -5807,7673
2214,-6309 -2671,-2490
-5802,-8090 5701,-7442
-5213,4771 574,2461
8758,6820 -4329,-8678
-2694,-3111 -5215,-2919
3790,-6854 1399,-8140
-8309,-9443 7154,-1781
-933,-5524 -8348,-6639
-7957,1119 9892,-2451
3770,-4023 7658,4146
4561,7056 9155,-9429
4014,-2654 1068,-7981
-4240,-5373 7290,2111
4856,7412 -2453,-9674
6595,-9952 -2000,5170
-8001,1705 -3472,5965
7254,8804 -8302,5715
2993,-7405 -2553,-8126
-8594,-4017 2874,5786
3913,485 8679,-7281
6111,8035 4370,710
4389,-6969 -1357,-9842
5429,5396 5792,578
-924,-2983 6129,5315
8325,1905 -8396,-7599
-9589,9637 -2920,-8491
-4291,4227 630,6194
-9642,-1281 -3683,1142
-1646,-5501 -9105,-4437
7040,1942 -6120,-8388
7260,3693 3064,5900
5658,-1976 345,1091
338,2383 5660,6345
-3861,8717 8184,-4402
-5443,-6288 -8199,-9660
1889,-4418 3847,-5472
-9718,7205 6050,3319
846,3861 2013,-1356
-5130,4969 8793,9103
4887,-272 8796,-2103
-196,-1477 252,-304
9973,-9653 -9071,6820
4511,28 3785,-7243
-3083,4529 -4378,-8686
515,9339 7771,2307
6606,622 -3691,3202
-759,-6284 4012,-8729
-5495,5427 -9744,-9928
1584,-5071 8304,-2377
3388,4146 2631,-4439
-1403,7870 6517,6156
7616,-779 6216,955
-6931,8993 709,3113
-5562,7545 9805,-1667
-168,-5350 250,5225
-6557,6774 8984,-7678
1892,-7333 -8106,4666
1543,-137 5235,-7446
7102,4548 -856,4893
8885,-2465 325,-9748
-654,-5314 9820,-5363
-7870,-3264 -6946,-1844
8605,-7775 -4651,-8587
4651,-7823 3370,6295
-2731,9843 -6252,2961
8795,-4197 5336,-9378
3403,647 -6779,6631
5863,1989 6413,2621
-2744,-5354 -1593,-5895
6498,6823 2301,-9446
6813,9787 4690,-1308
-2498,7815 -4649,3061
3942,-1176 8626,9017
-1364,9241 8308,4564
-4665,2397 -3499,-129
-4227,4305 -7892,6739
-656,-5564 -4352,9149
-4139,6078 1213,3802
-3435,167 -5658,3503
738,6597 683,7051
-7531,1767 699,-9503
-2488,2830 8440,-3435
-152,3269 5070,4061
9862,4303 5978,6450
4469,-1833 6868,-8742
7954,9641 -8997,-9798
418,7243 -3717,-3281
1686,8555 7702,-5970
-4494,3192 8247,-125
-3936,-4031 5173,6414
1139,-7861 243,9520
3848,3169 7509,8381
6558,-5731 -1073,5081
-4546,-9316 -7212,1994
-7831,-2897 -1335,1658
-4983,1161 -7163,2238
-7937,4225 6407,6661
2725,1044 4452,8064
2924,9130 -5456,-3718
-487,-9997 -913,-617
2688,4573 -6657,1975
4246,-5643 6788,-3954
1094,4968 -2310,118
-9159,491 2373,6783
8466,3501 8269,1923
9820,4795 3252,5343
1968,1677 -4432,-5786
2310,-3563 -936,4160
7619,-4721 -8677,5305
3356,7137 5246,2831
3357,9458 -8587,-5929
1168,-3158 6965,-9694
144,630 3635,1508
8135,-8160 7026,8471
-1051,3345 3027,8503
7803,-6212 576,8724
-2805,-688 5819,-5125
-1933,-6033 -6226,4252
-7889,3760 8906,-2661
1753,-7210 5072,4154
3668,-41 -4039,-8530
2395,-807 -7195,4339
7689,4888 5591,-5152
1426,3259 5181,7105
-7441,2508 -6296,5582
-487,7604 -3413,-888
-1864,966 -6677,354
-9123,-4575 7682,-6792
-8930,6331 -5327,-8187
-7256,2124 -4755,-5237
-2,5301 8446,5025
-2766,-854 -8631,-7484
9924,-2909 9205,3586
2332,-6438 -8458,726
-8092,-8859 1110,-8767
-8693,-8664 -6140,140
3119,3230 9671,-5448
8262,-3938 -6412,-6508
-3895,-8420 7654,-2614
2383,2987 93,4806
7762,-1146 4940,-8653
-257,-8854 -4410,-1798
-7181,6747 -3839,7876
487,224 -8127,-6718
-5332,9793 3206,-3976
1592,-734 -1165,-3393
1300,7492 -4014,-4633
-4710,-3907 -2752,-8877
-7890,2188 7237,268
4872,-2218 7717,-1083
4826,4153 2378,4918
6853,-4508 466,4051
7652,-2913 -216,1495
1065,-3496 -7046,-7830
2228,-1614 -6806,-9684
5054,-3799 206,4475
-8763,-8385 -6542,4930
-2927,-5910 -7442,3602
5980,3906 1402,-7185
6543,-517 -9467,-5054
7911,9835 3311,-4430
-3083,1385 7865,1581
6299,-3631 -2662,-9592
1976,-785 2297,9155
7909,420 -2741,-6684
1976,-2022 -668,6866
-9241,-9208 6224,-7510
-7203,-571 8980,-3442
4912,-1968 5024,2486
-2237,2425 2429,-5914
-4600,-7232 7166,8256
2930,-7685 -1721,9197
7361,4609 4366,-6654
-4194,-6243 -1318,-8706
9697,7020 6870,5157
727,6322 2105,5872
-9957,-1149 -4294,203
-1780,-9871 -4040,-7197
-6751,3943 1863,-6835
6579,9997 -1681,5758
1279,-3477 210,4791
6931,-3481 -4530,-2767
5559,-389 8995,-669
-7767,4513 -951,-3453
3576,-4836 7172,1019
-4163,6668 -5112,-8447
-2804,-3887 7732,7140
-7105,-6617 7092,-4258
-5883,-7419 2463,1646
-1328,-6704 7942,869
6115,4062 -4286,-3883
5094,5568 -5656,-3453
-4037,3004 4748,-9417
9561,8828 2036,6288
-7271,56 -6796,1591
-2234,279 -1922,2983
7995,8850 5469,701
-1417,4925 3073,5920
-4039,-5364 -6503,3708
-2729,-5878 -6860,-4940
-8150,-7474 4534,1808
3050,3975 6920,-1351
-5555,-2917 -5186,4376
-9405,-4192 8417,-537
-8065,2380 -2158,-4683
-8110,6513 -2938,5415
-6779,-2755 -5347,7238
1593,-4819 -1585,-9067
1765,-9531 -721,-3540
7812,-6217 7006,5905
-7868,3618 8835,2653
-1777,-1593 -8292,-778
-2225,-4975 8074,-1583
816,9251 -446,9545
-5317,-8333 2026,-7658
9774,6979 -853,-2470
8813,843 7457,-7755
1415,5089 728,-9283
-6936,8283 2390,-4097
3868,3198 5325,-5202
-8006,-9466 -8218,4495
-9089,-6295 3156,7968
-2646,-6732 -3325,-9853
-2450,6193 4305,497
-6847,-45 -7764,-4558
-5316,-3138 8315,-1703
-8366,-329 -7798,-4824
-6232,6754 -8924,-6224
-8084,-3160 -4995,6260
-7289,-6514 2229,-945
-4625,3833 7581,-6652
-5511,3584 6353,-1182
3186,-3304 -1426,-5089
-5639,1740 6209,-6934
6301,-1923 2053,-5561
7672,-4780 -1817,-3459
4633,7825 -2461,6112
4414,891 -8412,-1909
857,1018 -152,4053
-5488,3695 6998,7161
-6766,8246 -3778,8651
-2131,-8626 3490,2717
7597,2797 -9770,2360
2035,-9591 -1452,6031
-2622,-9605 -4603,-334
-3612,-4147 2966,2641
-4344,667 -2833,3996
-2271,-2649 5663,-3863
-3819,-2507 7425,-2193
-7234,211 -8523,6775
5967,9420 -8714,5207
-4483,-3158 -6168,-4301
7356,2996 -5223,-3412
7529,9474 -2500,-4598
3374,-2088 4451,-353
5092,-7993 -2347,2570
8749,7141 -5678,-2195
-3473,-2384 -9390,-5763
-8015,6948 9226,4834
-8561,-9975 -708,-3958
-6487,829 1026,4599
2373,-6042 626,8141
-1699,3210 612,-9960
7347,-716 3832,-6042
9143,4201 8759,-4840
8254,7628 -5556,-1660
2495,4035 3390,-8149
8176,-831 -6900,9925
5492,8490 -1942,-5692
4274,6473 5188,-9047
3909,2773 -8174,-8698
5007,4429 -9885,6675
-7361,-8673 8436,2391
8151,2063 3269,-566
3396,-1576 -976,-2409
7750,-5426 -5529,-5778
-6136,-6681 6742,8899
6410,-4660 1852,4436
757,-8279 1308,5054
5745,-8909 -9076,4120
514,-6512 -2312,2592
-8755,2414 7592,8165
-7153,-510 1398,9155
-7249,-4323 -5380,-1228
8641,4115 9849,5264
-3890,2675 -4090,-2666
-4209,-5236 -371,1832
1692,7370 615,-8895
4111,-4155 7489,-1956
814,-8018 -1472,-1953
-8601,-5200 8259,-3205
7414,-6477 -7054,1987
5925,-7380 2073,4412
-4640,-1229 -7671,1966
-7714,1898 -7127,3264
-5522,-7241 9513,-1233
7542,-4897 4908,-2396
-6262,-2405 4087,349
-2514,59 -4122,6940
5302,459 -992,-9474
8117,884 4226,-6068
-1419,-5570 -8741,-9190
494,2804 7162,4626
3602,6340 744,9019
-3639,-8933 476,-9049
-9649,3829 -9886,8383
-7144,-4555 -6076,1290
1232,-2932 2207,7135
-107,-2670 -5636,-155
-922,9729 8877,7829
8338,4410 4770,7546
-1202,6878 -8530,5685
9671,9712 5894,1048
-4017,2270 -7347,5139
5599,4491 -6994,5614
-4920,-1582 4143,-9470
8798,-8795 -9891,-5255
-3567,-8423 3475,9689
-2512,3305 1004,2952
-974,-7597 1358,8359
-3267,-9033 9871,-6690
-8944,-9536 2949,7823
-7555,-7279 -4303,-4999
4273,5934 691,-6601
2351,9638 -2163,5100
-5770,-2871 4039,1952
-4711,-4069 2571,5621
6938,-9022 9383,2403
9170,-9299 -2626,5723
-5266,-7251 -6984,-5190
-8952,2134 -6526,1109
4921,7488 -8372,-2099
-768,-4108 -7561,4512
1544,-6216 -6621,-1972
1314,-437 8438,-4617
2664,-5020 6968,-3792
2025,3862 -738,-8399
9801,-4423 -5089,7139
6305,9469 1012,9278
3199,1812 -462,-2241
8518,8590 -5722,6227
-5788,7198 -9450,-2925
6708,7735 889,-6067
9009,2913 7321,5281
3018,7717 4291,-6971
-2643,-6322 -6709,-2314
-3665,9087 -1853,-5086
-2320,9155 -2829,72
7546,-128 -1623,7057
-9948,9646 -7430,1718
4111,316 -1180,8313
4131,2959 -6344,-7415
-7253,7174 6780,-3853
1886,-1804 1120,487
-1954,-5646 4343,-4249
688,6426 8265,-5921
-9478,-9387 2036,4961
-4174,327 -1812,8530
-7826,-5597 -610,5206
3604,-5543 9976,-5868
-5010,6291 6477,-9040
9639,-8441 1736,2832
8749,5485 2620,-8858
1711,2931 -5853,-8386
624,9278 -3529,-1270
-9865,5539 6049,6228
7496,2689 -4334,9511
1928,1876 -4093,5209
-6546,1190 -3772,1551
-4639,-3935 3885,-8797
-4564,8118 -6696,-2677
-5412,8870 -8702,-1250
8070,-5546 -1015,2870
-686,4243 6982,-2675
-7982,-9309 -4685,-1635
398,-8170 -8567,6943
-5208,3822 4622,-8408
-3663,-5633 -2280,-2071
3247,6831 8745,-5741
765,4452 -2390,-5896
-3877,-5402 -2482,-632
1576,3226 3883,-8481
-1888,5978 3243,374
-4139,-1608 2340,-2156
9,-9044 -9717,9385
1334,-6824 9639,5080
-232,2328 1756,7715
5667,-1512 -7989,6218
7477,-5898 2796,9783
1422,35 273,-9877
9596,9593 5316,-2287
222,-7405 -3126,-5204
5701,-203 -2411,-7698
1214,6 -7415,1559
-7065,-3946 -1165,-1253
-1019,9147 -9781,769
-2548,-2162 5251,9366
-2345,178 -7413,-5158
-6618,7460 8404,796
9004,6347 2932,5746
8047,48 -1619,2593
5174,1873 -8465,4598
-5894,-5208 5836,4241
-9826,-6780 -9296,-599
-6394,2138 9418,8192
1890,-4917 -9390,1264
8734,296 212,-3856
-7638,-7016 9650,-8414
8097,3008 2117,2268
-4264,-8879 4659,9703
-7712,-2726 116,-4237
-3740,3786 -9498,4059
-7765,6105 9960,-9814
-1096,-3926 7039,6575
9348,-6289 9031,3352
1792,-3930 9036,7601
323,-7622 -773,9806
6631,4403 -5425,5396
-4875,-7983 -3393,1251
38,-5120 1603,-6834
6257,-9065 -3162,-2452
-8233,4709 -8830,-4787
7766,-2062 -1032,8712
-6454,8353 -3863,5424
-5943,2343 5006,-868
4132,7243 3411,-797
1727,5296 7358,-4304
-9613,-4183 2753,9392
7143,7789 5975,-8155
3968,-2672 2396,-64
4720,903 8792,4878
-9575,-2591 3416,1915
-3979,2544 4032,8457
-8112,-1469 9442,1125
7397,2857 3915,-2881
-1590,-4962 -6657,-1872
8010,5824 -7215,-5455
6711,4462 -6393,8573
-5656,8064 2158,-565
3247,7749 -1935,1917
-9138,-4770 7362,-6725
-6432,-4888 1063,9676
-6342,8297 -139,3581
-21,392 -7514,-7695
3832,3464 -123,2418
5203,1643 -5971,-9597
4374,3782 -792,5533
-7514,5227 6101,7051
9808,-4437 -1639,711
7842,-4315 108,-5246
4604,6083 8661,4650
-2933,2453 -9083,-5248
3723,3315 -4773,9542
2099,2834 8340,6469
2033,2584 8447,-7784
1576,-9435 9193,9891
1543,-8243 2254,-1165
-888,7309 2662,-4869
-9792,1375 -4509,-3235
9692,-3454 1552,1826
4246,-8600 -4572,-7140
6635,3228 676,-9434
-945,-1103 -7321,-8501
-8336,-469 9007,5094
7750,-4516 -2686,875
-7810,2836 -3262,-6157
-6051,5855 -8978,-8801
7513,-5582 6869,9905
-4890,-6675 6366,-7728
-2452,747 -9905,-8559
-244,6816 3335,6637
271,915 -7079,-6007
7703,8759 -1490,5999
4239,-5493 -4086,-2592
-5989,4399 -1521,8441
4980,-6586 714,-8021
7585,-1246 5588,2425
-6993,-4037 12,3367
-9819,5942 8601,-8445
-340,-9615 -789,-578
4921,5151 7152,7255
-3556,-9955 -7588,6030
-8248,3435 -1205,-5966
-6548,6418 -6903,-6577
9785,7136 4344,5952
-8063,3460 -4013,2937
-7641,-8300 6174,2683
-8250,-1827 -9522,-8920
8696,-2753 -6597,-5971
-7819,2911 -9959,8615
-3242,3895 -6296,-2093
3392,6682 -5129,-8390
2834,5951 -3017,5487
-8165,-9326 2513,-1177
4230,-7090 -9256,4828
-2152,9 -488,-4008
3006,3083 325,543
839,-9687 896,-1684
9706,-6344 -3686,-5879
8541,-5829 3800,2001
303,5672 5097,-3430
-1985,-2020 2740,-4027
-5734,8085 8640,-3303
-3943,4266 6724,-8654
1798,-6323 -6756,1927
-8898,3006 -196,-3475
-7313,4751 -174,-424
1977,7527 -6095,-1269
-6518,-3530 -1529,1259
6935,-7007 -9981,-329
5306,-2971 -5006,3009
6809,3849 9869,1619
4005,-4391 -6324,-5844
-6385,-5608 961,-8956
763,-2099 6203,-7283
-2824,8802 6172,4475
-8705,-2111 2268,8320
2945,2006 -3207,5455
3869,5049 -431,1332
-5875,-3385 -2124,-980
5473,-4955 -5723,5617
8525,6170 -4950,9859
2552,5953 6125,-1402
-9588,3595 3849,4129
-5959,3773 -3110,7074
-3304,-447 6994,-4202
5168,6884 -31,-2726
-4563,-188 7039,2702
7690,-2719 -9745,-9943
186,-9183 -3159,3545
-3755,8749 9528,-9202
-910,2729 4065,-6017
-5888,-8428 -3222,-5175
-5969,-4159 -524,-3135
9619,-2044 1684,-5170
-6739,2115 4109,810
-5067,-859 -5522,-993
-3975,-3319 -4939,-7211
-518,-3799 -7167,7657
7957,9339 1112,529
-2356,-6107 4099,-7560
-4434,7355 -677,-3371
9099,4123 7075,3571
6239,2025 8656,-1162
7319,-6950 -5538,-553
5464,-5796 7033,995
7527,3370 1715,-9558
7331,4222 -5517,-2675
191,2366 2000,-8516
-4587,-3827 9473,5651
3540,4796 -4134,3236
-9435,-6281 -5782,-4548
-3597,-4079 3266,1962
6959,5981 -7897,-1848
-6302,-2951 -6292,5554
-4775,-6009 -9369,8959
-4855,-7353 -4114,4907
987,6551 9417,942
8098,5988 -3099,-3951
-9048,-446 4590,9167
6082,-889 5442,5114
-9010,-5206 -8642,233
3807,7414 -9673,-370
-3737,-3867 -5860,7573
-3320,-6743 6564,7193
3992,-3360 -2780,3007
-8645,-1140 8074,-5106
-2466,8872 1025,6189
3254,1075 -9467,-3636
1436,-3492 -7522,-708
-2396,5082 -7130,-569
-1296,-6341 6249,-2779
9273,-1478 -9489,-1462
-2568,428 3503,6809
6505,1161 8520,2652
7789,8973 4341,6177
4831,-1779 -3049,1605
-5109,5085 -147,-1817
6937,-2154 5656,-4310
-1807,5561 -2750,-9903
6121,-9246 8934,-8288
1950,-7506 -8402,-6061
1480,-9093 2840,6117
-9759,-8789 -2750,-3349
7254,8116 -3784,-8855
3134,9440 5658,-3186
-4736,-2413 8127,7628
-6040,-4195 -5792,-8251
3761,-5905 1798,6499
7100,8885 -941,-6810
4891,5968 1621,3700
-5598,-465 7550,-3016
9502,1510 -2523,-2188
2264,-7693 6871,1332
-5945,5199 -1883,1749
141,4654 9988,-9013
9947,-4924 -4107,6308
5203,-4612 8003,-5989
-4082,4887 2291,79
4353,9713 2556,-177
-468,157 8713,-771
6357,-6902 7586,-2366
4072,-9404 455,2306
-8029,7992 6688,4423
8030,-4370 -9717,-2536
785,-855 -8295,362
2750,-3876 -3985,-1325
5061,8009 -8551,1905
-2467,2278 -2140,-8057
3177,4040 -6059,2020
-7088,3080 -7754,1345
-165,-6323 7397,2055
2526,-838 7757,-4511
-2303,-631 -1504,6649
-9511,7153 4791,-3213
787,-8855 -9064,-3083
6278,9968 2246,5076
1320,9193 -8595,-3770
5071,-424 2954,4894
3267,-750 7979,3105
1167,1215 3378,-7838
1683,7603 -2033,6118
-6932,2984 7627,-1925
-3594,4474 -8160,3613
-6419,-1535 4922,-3623
-228,8196 1334,1329
-5136,534 -4219,153
6425,4205 4651,-3327
6958,-3714 -4266,-1087
-2490,2604 4774,-6568
1562,-8471 5216,-7705
-1050,-4764 -247,-83
-1838,-9679 -770,-3136
2222,6941 6777,1840
-9093,-9631 8862,-4664
5878,-1141 1203,2130
578,-462 5194,-1027
9182,-6934 -9497,-3673
1463,-2361 3954,-1263
-6739,7361 3537,-9823
9710,-7647 4172,-1468
8982,-7202 9371,3415
-5712,-3987 -3056,2776
-3197,-3206 4299,-8567
-2232,-6106 -6167,8706
1436,2400 -5324,481
-3882,-2377 2087,8802
7720,-5661 7437,-1831
-6598,-7505 54,3605
5066,6324 -5615,-7870
4785,8142 6863,-3966
-9167,-7207 9241,587
-5507,7179 -4851,-519
4228,-6911 -833,-4761
3897,-6367 -7769,6265
6284,-5892 9220,2557
5066,-5508 9754,-8680
-781,-4582 -7863,6013
5859,2273 2812,-2410
-3335,4174 -1542,2211
-5101,-7665 909,-8622
8623,-755 -6098,-4391
-6300,9442 6012,4369
7373,8546 -3526,6758
-7364,6373 6759,-8713
6733,1346 -7151,9502
-5564,6120 -129,1586
-8112,7333 -6527,9377
-4856,9126 2254,1949
6995,4200 9414,-6013
2602,719 6627,2082
-6170,5432 455,-3294
4446,8427 -6937,-8909
-3944,4735 -3644,5688
5541,-9518 -1449,5038
-2482,4412 3895,-8086
-8599,1609 2000,1093
7674,-4821 -4188,-1383
8872,1568 -8106,-6611
7985,-3855 -3455,6302
-2543,3808 8773,-4026
4267,5843 -8090,3197
-7073,8619 -8618,358
2464,2434 7936,-4822
-9437,-2223 -6584,-7363
5178,7484 9472,-1398
-4591,1990 3128,1880
-462,24 -5505,-5887
-9883,9620 -2365,-6648
4983,-5902 -4481,-6985
7895,-8311 5448,-6776
-941,-8069 -8098,7911
2093,7166 -3781,-494
-2786,6661 7519,32
-2361,2400 1326,-178
7087,1749 -2158,-2824
-600,-6195 -3515,-3668
-8838,-9796 2257,6977
4959,3054 -2793,4977
-550,-5753 3238,4180
3570,9160 -6466,-3581
-6238,-4710 374,6037
636,-241 9466,-6439
-2883,-5924 1430,-807
6604,-9885 6463,3719
-7764,6211 2417,-1118
-5850,4667 7293,7029
4570,2082 7810,1017
4081,-3011 2001,6076
-7068,-8442 7744,586
-4895,-5222 574,8173
-4404,5141 -4454,-5826
9413,2015 -9934,-5718
4893,-3488 -3559,2475
-7176,-231 1741,-1967
8237,-8669 3520,3397
755,-1670 7564,-8818
-7459,2801 -8656,141
-8433,-4423 9847,4682
-8921,8052 5140,-2286
-1726,-7869 7494,-6802
1298,1814 -4816,-2471
-633,9594 1773,3583
-146,7661 -2608,6033
-476,-4171 -6795,3918
5588,6983 5501,1779
1576,-95 8252,9647
-9332,-9282 -4980,-208
4410,-5957 -2417,-6735
-7489,-3177 -7802,-1465
-6821,844 -1360,-59
8941,5256 -9403,1593
2718,942 7280,3158
7041,-721 7404,-634
5124,-38 8439,1747
2864,6933 988,-2554
-3490,-7142 -5517,-7949
8772,-1171 8671,2819
-1926,-2546 7749,-4899
-2843,6935 -6782,-3781
1624,6506 -3673,-1927
1543,5282 6234,-2288
5809,8404 -3000,9454
-8313,-1391 -6525,5395
6392,4759 -204,-9435
-193,4189 -9951,4980
7487,3001 -8099,-8716
-713,32 -9258,308
-4437,7961 8142,4124
4413,3130 8309,2660
-2717,7771 -7781,3036
-1058,-7330 1663,-6684
6765,-2937 5332,-3972
-5743,8612 -894,770
-8036,9959 -1527,-7487
2796,-26 -4129,-1477
-8765,5274 2512,-7509
3783,9525 7089,7985
3094,-5284 9679,-4410
6808,-4511 -2997,-7236
9381,5569 -3253,1859
-7241,-7747 -2808,8537
-8777,-1047 -7890,5370
-3204,6340 -8741,4625
-1922,5553 -6557,-2651
5499,4019 -8252,9267
1700,-5906 4188,-6196
-6534,2777 4697,-515
6853,-8867 -246,7573
-7458,-7971 4388,-4594
-484,9968 -1066,13
-3834,1656 -7,-4376
-3891,-4494 6917,-6825
9047,-1858 -5337,5235
-4482,-9811 796,-416
5725,-7299 -748,-6789
-6716,5551 -7977,5218
8085,3749 -7068,214
-4367,-5889 1190,-8121
4930,-6082 6574,-2700
894,3129 -6711,4975
2098,8858 9802,2819
-8768,-6680 -1268,937
5053,-7415 -3752,-7039
-2123,1347 -9254,2275
8513,-7299 -659,8645
7594,-9075 -8095,-3165
2254,257 -3772,6198
261,7473 -6263,4991
2035,1333 3226,7433
4701,-7219 -7695,1815
-4898,4301 9449,-8772
3953,-6563 7976,-6984
7910,-8536 -6885,551
-3857,-827 9988,1057
8116,-990 6940,8331
-2211,4647 -6943,-4521
-7966,4840 9609,-904
-7274,-4489 -670,-9186
9598,3994 4509,4152
-3214,-5897 5624,1387
-1528,6407 4330,-353
-1648,-4298 -781,3775
-3927,-9773 6344,-5953
9356,-6487 957,-933
5926,-1644 -9120,8755
7988,-4088 -5150,4934
-7412,-9824 -2785,3240
-3287,-1509 7013,-9109
-5768,-8081 2144,-5212
2464,-551 -3537,4653
1322,-6326 4936,8658
-6730,-6758 -1401,-1668
6610,-2462 -6660,-6681
-4066,7287 -4977,-2303
-9142,2188 -5453,247
9969,-2185 -760,-9133
-204,3251 -1252,-4848
-830,-5176 6845,-6535
-4222,-3316 1118,-7798
150,-3281 -4326,9269
-5751,5677 -2342,3372
-1132,-8041 571,3834
-863,8030 -8770,7823
6184,-316 -2082,769
-7190,-1428 -3691,-8771
7326,-4919 2174,8974
-9423,-3201 -7602,6720
6494,-8883 5810,-542
3621,2723 -2773,-3026
-2178,-9930 -605,-738
1,4685 -8629,-5124
4237,-4399 9854,9572
3946,3489 1818,-2305
1416,4119 -1981,4050
-4262,-4059 -9533,1502
9121,8284 6864,-8767
1162,825 -8587,-5389
-1249,9430 -9453,9723
-648,4361 3448,-4452
-1627,6328 9571,-8667
-3739,-9148 8996,-8285
4108,-7017 2662,2046
-8754,-5313 -9437,2435
4466,1740 9943,-8353
8208,-7766 -1395,-9686
6156,-8275 -5277,9579
5986,-7869 5661,-6472
-7145,-796 8575,9083
-7486,6737 -3942,499
-9463,7541 6767,-1258
10000,3014 -7520,1019
-5840,615 -6805,8035
2007,-2172 733,-8239
-3809,-705 -848,-3729
1722,156 -990,-7681
792,6919 -2755,781
-5624,3712 4042,-4456
-5854,-7094 1303,7753
6416,3977 4181,-2441
-4529,1821 -6780,2492
7326,9827 -3253,1456
-1590,-2229 5142,-6693
225,2146 -9756,-1945
1244,7299 -9208,-9876
6658,7342 4139,1084
-8236,5696 -9177,2555
-4235,514 -3280,1361
5790,-5804 2853,-3936
-4362,-284 8167,-9669
168,7789 3670,1115
-6636,6105 -289,-3128
2195,-4356 7877,3138
9114,-6505 -4734,-1547
-2884,-2901 7777,2212
5862,-477 6611,9667
-5805,8038 3804,-9063
-5027,3710 977,-7718
-1371,3973 9666,-7765
4320,7859 -8316,9033
5086,-7151 8894,-7247
-7121,180 -4687,1025
-3007,8376 8812,-6826
1641,-9180 1709,-222
-8642,3501 -6213,-8513
9749,715 6112,-1136
-3595,-839 -7282,-744
9885,-9192 -3070,-2184
8635,2570 -2078,-4690
8153,9480 9160,-2973
9142,-7339 -9776,8667
-3173,-9722 10,-7710
6088,9370 1220,2875
3332,2474 4935,-9175
-5430,1306 -639,7430
7647,7180 -4822,-8040
-5482,3861 3378,2820
-9354,-2794 5740,-7780
-4457,-3578 -8644,834
1432,9781 -7146,-3042
-9155,9722 8130,-8997
-8472,6338 -367,5677
8750,-9886 7794,-1363
2593,3381 -2542,4117
-7980,3205 8493,-191
-5944,-2123 -7564,-8006
9670,-8970 3314,4416
-2181,-1842 -925,-8640
-202,8006 8466,-4141
-3653,2466 3990,4854
9480,5528 1830,-6344
8564,-7688 2706,-2816
-4229,-1644 -6771,-5241
-1765,7046 -3311,-6025
7223,8839 5315,2826
-8965,-209 237,-1199
-4298,-5785 5932,-5380
5478,9551 1085,249
-2587,4428 -7733,-8623
-4258,9618 -3094,5932
6799,-8227 -6742,-8900
-7434,-8560 8323,-4237
-6910,2363 5639,7148
6731,6878 -8207,410
-3125,9273 -3712,2864
5338,-7144 60,2595
-5162,-9050 -3984,4352
-3122,7388 2962,-3800
-3168,7876 5376,-1023
-3540,-1859 -4122,5112
7985,-5034 3190,2805
650,7254 5260,6419
4783,-5125 7198,1586
-6834,-6261 7308,-5461
-4927,-7069 8225,-9955
388,3251 -2466,-9804
8504,4724 -2394,-3797
-230,-7422 2189,8957
5064,6530 6011,-2915
2916,3832 661,3967
6872,7428 -7047,7064
9138,856 8996,-7220
7835,-7131 5327,4388
-2753,9196 4107,5406
-9247,-9989 -5141,1346
5854,8968 2711,3705
4237,-2537 7541,-6942
-4917,-1920 -995,-1722
-3136,-9839 -495,4244
-2611,155 -2234,-9986
5504,-4202 -4586,3693
3213,-1890 1211,8203
-9056,-8121 -3378,-7123
-8072,862 -1866,943
-6965,-1200 -8465,-116
-5460,-3180 1748,6683
-2657,-3547 1321,1115
-1938,-4610 -7241,1069
-5387,7952 -9414,-4006
-9155,-633 1412,-1893
-2679,-1284 -7635,5152
-930,-5199 4358,6348
6101,1377 581,3844
4851,7976 -6082,-3212
-2477,-8392 9698,2141
8198,-2147 9538,1442
-672,2993 -715,2894
1289,-2769 9439,1328
-6671,6545 -243,9718
452,-3714 6975,-3810
-9918,-1521 -4926,-9020
-1372,1938 -7732,9114
107,1005 -1288,-7002
-3366,-8956 2165,-7449
1958,2340 6500,5177
2757,9576 7928,-933
8315,558 -1360,-2133
5341,-2257 5868,-7273
-2591,9058 -2776,-2586
1867,-9509 -5706,-8397
8495,7604 3177,-2295
-7563,741 -4384,-3891
-6964,1297 5326,4381
2437,-8811 -5872,-3397
-214,8895 9459,1449
-2475,1379 5982,-3634
-1529,8993 1959,4923
-3022,-3211 -9627,-4146
-3221,-7058 -3760,-4613
6867,6459 5375,-395
4607,-5095 -3939,-2026
-3188,-8411 5439,1542
-6332,-1265 -7903,1100
529,-3389 9411,1094
8632,-9579 9481,3351
8641,-1511 -7078,-9958
9280,193 4317,7668
-2246,6419 -6751,219
-7323,1042 375,499
-4452,6990 -1811,1456
-964,1847 1761,-2400
-1921,1994 -3416,2299
-9958,-8337 -9604,-8718
3250,-2071 -9687,-9416
-5835,9468 4856,1020
7902,-5523 -5255,8746
8793,-6036 -456,2818
2170,-9619 -2618,-1446
-2425,-1981 544,-5909
-4138,-6448 -4367,-9283
736,-7946 -4016,9225
-5626,8034 -7742,-429
5381,-5546 1861,8556
3218,7258 -2245,131
-1844,6388 1985,5209
-1047,-3651 -7572,7355
-5127,-4286 7729,-4006
693,912 -9146,7060
-9347,7445 2172,-5228
-1845,-6712 9536,103
1888,7004 -9404,1387
9953,5599 -8561,5919
8442,-4175 -6525,6210
2512,-3049 -2081,-3652
